20110521190000
20110521200000
20110521210000
20110521220000
20110521230000
20110522000000
20110522010000
20110522020000
20110522030000
20110522040000
20110522050000
20110522060000
20110522070000
20110522080000
20110522090000
20110522100000
20110522110000
20110522120000
20110522130000
20110522140000
20110522150000
20110522160000
20110522170000
20110522180000
20110522190000
20110522200000
20110522210000
20110522220000
20110522230000
20110523000000
20110523010000
20110523020000
20110523030000
20110523040000
20110523050000
20110523060000
20110523070000
20110523080000
20110523090000
20110523100000
20110523110000
20110523120000
20110523130000
20110523140000
20110523150000
20110523160000
20110523170000
20110523180000
20110523190000
20110523200000
20110523210000
20110523220000
