 # information on release points
 # numpoint
          64
 # for numpoint:
        5400        5400      2
  -17.3359985       64.4150085      -17.3359985       64.4150085       1725.00000       2725.00000    
         100           1
 ERU_00001                                    
   967070.000    
   967070.000    
   967070.000    
   0.00000000    
   0.00000000    
   0.00000000    
   0.00000000    
   0.00000000    
   0.00000000    
   0.00000000    
   0.00000000    
   0.00000000    
        5400        5400      2
  -17.3359985       64.4150085      -17.3359985       64.4150085       1725.00000       2725.00000    
         100           1
 ERU_00002                                    
   0.00000000    
   0.00000000    
   0.00000000    
   1062300.00    
   1062300.00    
   1062300.00    
   0.00000000    
   0.00000000    
   0.00000000    
   0.00000000    
   0.00000000    
   0.00000000    
        5400        5400      2
  -17.3359985       64.4150085      -17.3359985       64.4150085       1725.00000       2725.00000    
         100           1
 ERU_00003                                    
   0.00000000    
   0.00000000    
   0.00000000    
   0.00000000    
   0.00000000    
   0.00000000    
   987110.000    
   987110.000    
   987110.000    
   0.00000000    
   0.00000000    
   0.00000000    
        5400        5400      2
  -17.3359985       64.4150085      -17.3359985       64.4150085       1725.00000       2725.00000    
         100           1
 ERU_00004                                    
   0.00000000    
   0.00000000    
   0.00000000    
   0.00000000    
   0.00000000    
   0.00000000    
   0.00000000    
   0.00000000    
   0.00000000    
   1605900.00    
   1605900.00    
   1605900.00    
        5400        5400      2
  -17.3359985       64.4150085      -17.3359985       64.4150085       2725.00000       3725.00000    
         100           1
 ERU_00005                                    
   967070.000    
   967070.000    
   967070.000    
   0.00000000    
   0.00000000    
   0.00000000    
   0.00000000    
   0.00000000    
   0.00000000    
   0.00000000    
   0.00000000    
   0.00000000    
        5400        5400      2
  -17.3359985       64.4150085      -17.3359985       64.4150085       2725.00000       3725.00000    
         100           1
 ERU_00006                                    
   0.00000000    
   0.00000000    
   0.00000000    
   1062300.00    
   1062300.00    
   1062300.00    
   0.00000000    
   0.00000000    
   0.00000000    
   0.00000000    
   0.00000000    
   0.00000000    
        5400        5400      2
  -17.3359985       64.4150085      -17.3359985       64.4150085       2725.00000       3725.00000    
         100           1
 ERU_00007                                    
   0.00000000    
   0.00000000    
   0.00000000    
   0.00000000    
   0.00000000    
   0.00000000    
   987110.000    
   987110.000    
   987110.000    
   0.00000000    
   0.00000000    
   0.00000000    
        5400        5400      2
  -17.3359985       64.4150085      -17.3359985       64.4150085       2725.00000       3725.00000    
         100           1
 ERU_00008                                    
   0.00000000    
   0.00000000    
   0.00000000    
   0.00000000    
   0.00000000    
   0.00000000    
   0.00000000    
   0.00000000    
   0.00000000    
   1605900.00    
   1605900.00    
   1605900.00    
        5400        5400      2
  -17.3359985       64.4150085      -17.3359985       64.4150085       3725.00000       4725.00000    
         100           1
 ERU_00009                                    
   967070.000    
   967070.000    
   967070.000    
   0.00000000    
   0.00000000    
   0.00000000    
   0.00000000    
   0.00000000    
   0.00000000    
   0.00000000    
   0.00000000    
   0.00000000    
        5400        5400      2
  -17.3359985       64.4150085      -17.3359985       64.4150085       3725.00000       4725.00000    
         100           1
 ERU_00010                                    
   0.00000000    
   0.00000000    
   0.00000000    
   1062300.00    
   1062300.00    
   1062300.00    
   0.00000000    
   0.00000000    
   0.00000000    
   0.00000000    
   0.00000000    
   0.00000000    
        5400        5400      2
  -17.3359985       64.4150085      -17.3359985       64.4150085       3725.00000       4725.00000    
         100           1
 ERU_00011                                    
   0.00000000    
   0.00000000    
   0.00000000    
   0.00000000    
   0.00000000    
   0.00000000    
   987110.000    
   987110.000    
   987110.000    
   0.00000000    
   0.00000000    
   0.00000000    
        5400        5400      2
  -17.3359985       64.4150085      -17.3359985       64.4150085       3725.00000       4725.00000    
         100           1
 ERU_00012                                    
   0.00000000    
   0.00000000    
   0.00000000    
   0.00000000    
   0.00000000    
   0.00000000    
   0.00000000    
   0.00000000    
   0.00000000    
   1605900.00    
   1605900.00    
   1605900.00    
        5400        5400      2
  -17.3359985       64.4150085      -17.3359985       64.4150085       4725.00000       5725.00000    
         100           1
 ERU_00013                                    
   967070.000    
   967070.000    
   967070.000    
   0.00000000    
   0.00000000    
   0.00000000    
   0.00000000    
   0.00000000    
   0.00000000    
   0.00000000    
   0.00000000    
   0.00000000    
        5400        5400      2
  -17.3359985       64.4150085      -17.3359985       64.4150085       4725.00000       5725.00000    
         100           1
 ERU_00014                                    
   0.00000000    
   0.00000000    
   0.00000000    
   1062300.00    
   1062300.00    
   1062300.00    
   0.00000000    
   0.00000000    
   0.00000000    
   0.00000000    
   0.00000000    
   0.00000000    
        5400        5400      2
  -17.3359985       64.4150085      -17.3359985       64.4150085       4725.00000       5725.00000    
         100           1
 ERU_00015                                    
   0.00000000    
   0.00000000    
   0.00000000    
   0.00000000    
   0.00000000    
   0.00000000    
   987110.000    
   987110.000    
   987110.000    
   0.00000000    
   0.00000000    
   0.00000000    
        5400        5400      2
  -17.3359985       64.4150085      -17.3359985       64.4150085       4725.00000       5725.00000    
         100           1
 ERU_00016                                    
   0.00000000    
   0.00000000    
   0.00000000    
   0.00000000    
   0.00000000    
   0.00000000    
   0.00000000    
   0.00000000    
   0.00000000    
   1605900.00    
   1605900.00    
   1605900.00    
        5400        5400      2
  -17.3359985       64.4150085      -17.3359985       64.4150085       5725.00000       6725.00000    
         100           1
 ERU_00017                                    
   967070.000    
   967070.000    
   967070.000    
   0.00000000    
   0.00000000    
   0.00000000    
   0.00000000    
   0.00000000    
   0.00000000    
   0.00000000    
   0.00000000    
   0.00000000    
        5400        5400      2
  -17.3359985       64.4150085      -17.3359985       64.4150085       5725.00000       6725.00000    
         100           1
 ERU_00018                                    
   0.00000000    
   0.00000000    
   0.00000000    
   1062300.00    
   1062300.00    
   1062300.00    
   0.00000000    
   0.00000000    
   0.00000000    
   0.00000000    
   0.00000000    
   0.00000000    
        5400        5400      2
  -17.3359985       64.4150085      -17.3359985       64.4150085       5725.00000       6725.00000    
         100           1
 ERU_00019                                    
   0.00000000    
   0.00000000    
   0.00000000    
   0.00000000    
   0.00000000    
   0.00000000    
   987110.000    
   987110.000    
   987110.000    
   0.00000000    
   0.00000000    
   0.00000000    
        5400        5400      2
  -17.3359985       64.4150085      -17.3359985       64.4150085       5725.00000       6725.00000    
         100           1
 ERU_00020                                    
   0.00000000    
   0.00000000    
   0.00000000    
   0.00000000    
   0.00000000    
   0.00000000    
   0.00000000    
   0.00000000    
   0.00000000    
   1605900.00    
   1605900.00    
   1605900.00    
        5400        5400      2
  -17.3359985       64.4150085      -17.3359985       64.4150085       6725.00000       7725.00000    
         100           1
 ERU_00021                                    
   967070.000    
   967070.000    
   967070.000    
   0.00000000    
   0.00000000    
   0.00000000    
   0.00000000    
   0.00000000    
   0.00000000    
   0.00000000    
   0.00000000    
   0.00000000    
        5400        5400      2
  -17.3359985       64.4150085      -17.3359985       64.4150085       6725.00000       7725.00000    
         100           1
 ERU_00022                                    
   0.00000000    
   0.00000000    
   0.00000000    
   1062300.00    
   1062300.00    
   1062300.00    
   0.00000000    
   0.00000000    
   0.00000000    
   0.00000000    
   0.00000000    
   0.00000000    
        5400        5400      2
  -17.3359985       64.4150085      -17.3359985       64.4150085       6725.00000       7725.00000    
         100           1
 ERU_00023                                    
   0.00000000    
   0.00000000    
   0.00000000    
   0.00000000    
   0.00000000    
   0.00000000    
   987110.000    
   987110.000    
   987110.000    
   0.00000000    
   0.00000000    
   0.00000000    
        5400        5400      2
  -17.3359985       64.4150085      -17.3359985       64.4150085       6725.00000       7725.00000    
         100           1
 ERU_00024                                    
   0.00000000    
   0.00000000    
   0.00000000    
   0.00000000    
   0.00000000    
   0.00000000    
   0.00000000    
   0.00000000    
   0.00000000    
   1605900.00    
   1605900.00    
   1605900.00    
        5400        5400      2
  -17.3359985       64.4150085      -17.3359985       64.4150085       7725.00000       8725.00000    
         100           1
 ERU_00025                                    
   967070.000    
   967070.000    
   967070.000    
   0.00000000    
   0.00000000    
   0.00000000    
   0.00000000    
   0.00000000    
   0.00000000    
   0.00000000    
   0.00000000    
   0.00000000    
        5400        5400      2
  -17.3359985       64.4150085      -17.3359985       64.4150085       7725.00000       8725.00000    
         100           1
 ERU_00026                                    
   0.00000000    
   0.00000000    
   0.00000000    
   1062300.00    
   1062300.00    
   1062300.00    
   0.00000000    
   0.00000000    
   0.00000000    
   0.00000000    
   0.00000000    
   0.00000000    
        5400        5400      2
  -17.3359985       64.4150085      -17.3359985       64.4150085       7725.00000       8725.00000    
         100           1
 ERU_00027                                    
   0.00000000    
   0.00000000    
   0.00000000    
   0.00000000    
   0.00000000    
   0.00000000    
   987110.000    
   987110.000    
   987110.000    
   0.00000000    
   0.00000000    
   0.00000000    
        5400        5400      2
  -17.3359985       64.4150085      -17.3359985       64.4150085       7725.00000       8725.00000    
         100           1
 ERU_00028                                    
   0.00000000    
   0.00000000    
   0.00000000    
   0.00000000    
   0.00000000    
   0.00000000    
   0.00000000    
   0.00000000    
   0.00000000    
   1605900.00    
   1605900.00    
   1605900.00    
        5400        5400      2
  -17.3359985       64.4150085      -17.3359985       64.4150085       8725.00000       9725.00000    
         100           1
 ERU_00029                                    
   967070.000    
   967070.000    
   967070.000    
   0.00000000    
   0.00000000    
   0.00000000    
   0.00000000    
   0.00000000    
   0.00000000    
   0.00000000    
   0.00000000    
   0.00000000    
        5400        5400      2
  -17.3359985       64.4150085      -17.3359985       64.4150085       8725.00000       9725.00000    
         100           1
 ERU_00030                                    
   0.00000000    
   0.00000000    
   0.00000000    
   1062300.00    
   1062300.00    
   1062300.00    
   0.00000000    
   0.00000000    
   0.00000000    
   0.00000000    
   0.00000000    
   0.00000000    
        5400        5400      2
  -17.3359985       64.4150085      -17.3359985       64.4150085       8725.00000       9725.00000    
         100           1
 ERU_00031                                    
   0.00000000    
   0.00000000    
   0.00000000    
   0.00000000    
   0.00000000    
   0.00000000    
   987110.000    
   987110.000    
   987110.000    
   0.00000000    
   0.00000000    
   0.00000000    
        5400        5400      2
  -17.3359985       64.4150085      -17.3359985       64.4150085       8725.00000       9725.00000    
         100           1
 ERU_00032                                    
   0.00000000    
   0.00000000    
   0.00000000    
   0.00000000    
   0.00000000    
   0.00000000    
   0.00000000    
   0.00000000    
   0.00000000    
   1605900.00    
   1605900.00    
   1605900.00    
        5400        5400      2
  -17.3359985       64.4150085      -17.3359985       64.4150085       9725.00000       10725.0000    
         100           1
 ERU_00033                                    
   967070.000    
   967070.000    
   967070.000    
   0.00000000    
   0.00000000    
   0.00000000    
   0.00000000    
   0.00000000    
   0.00000000    
   0.00000000    
   0.00000000    
   0.00000000    
        5400        5400      2
  -17.3359985       64.4150085      -17.3359985       64.4150085       9725.00000       10725.0000    
         100           1
 ERU_00034                                    
   0.00000000    
   0.00000000    
   0.00000000    
   1062300.00    
   1062300.00    
   1062300.00    
   0.00000000    
   0.00000000    
   0.00000000    
   0.00000000    
   0.00000000    
   0.00000000    
        5400        5400      2
  -17.3359985       64.4150085      -17.3359985       64.4150085       9725.00000       10725.0000    
         100           1
 ERU_00035                                    
   0.00000000    
   0.00000000    
   0.00000000    
   0.00000000    
   0.00000000    
   0.00000000    
   987110.000    
   987110.000    
   987110.000    
   0.00000000    
   0.00000000    
   0.00000000    
        5400        5400      2
  -17.3359985       64.4150085      -17.3359985       64.4150085       9725.00000       10725.0000    
         100           1
 ERU_00036                                    
   0.00000000    
   0.00000000    
   0.00000000    
   0.00000000    
   0.00000000    
   0.00000000    
   0.00000000    
   0.00000000    
   0.00000000    
   1605900.00    
   1605900.00    
   1605900.00    
        5400        5400      2
  -17.3359985       64.4150085      -17.3359985       64.4150085       10725.0000       11725.0000    
         100           1
 ERU_00037                                    
   967070.000    
   967070.000    
   967070.000    
   0.00000000    
   0.00000000    
   0.00000000    
   0.00000000    
   0.00000000    
   0.00000000    
   0.00000000    
   0.00000000    
   0.00000000    
        5400        5400      2
  -17.3359985       64.4150085      -17.3359985       64.4150085       10725.0000       11725.0000    
         100           1
 ERU_00038                                    
   0.00000000    
   0.00000000    
   0.00000000    
   1062300.00    
   1062300.00    
   1062300.00    
   0.00000000    
   0.00000000    
   0.00000000    
   0.00000000    
   0.00000000    
   0.00000000    
        5400        5400      2
  -17.3359985       64.4150085      -17.3359985       64.4150085       10725.0000       11725.0000    
         100           1
 ERU_00039                                    
   0.00000000    
   0.00000000    
   0.00000000    
   0.00000000    
   0.00000000    
   0.00000000    
   987110.000    
   987110.000    
   987110.000    
   0.00000000    
   0.00000000    
   0.00000000    
        5400        5400      2
  -17.3359985       64.4150085      -17.3359985       64.4150085       10725.0000       11725.0000    
         100           1
 ERU_00040                                    
   0.00000000    
   0.00000000    
   0.00000000    
   0.00000000    
   0.00000000    
   0.00000000    
   0.00000000    
   0.00000000    
   0.00000000    
   1605900.00    
   1605900.00    
   1605900.00    
        5400        5400      2
  -17.3359985       64.4150085      -17.3359985       64.4150085       11725.0000       12725.0000    
         100           1
 ERU_00041                                    
   967070.000    
   967070.000    
   967070.000    
   0.00000000    
   0.00000000    
   0.00000000    
   0.00000000    
   0.00000000    
   0.00000000    
   0.00000000    
   0.00000000    
   0.00000000    
        5400        5400      2
  -17.3359985       64.4150085      -17.3359985       64.4150085       11725.0000       12725.0000    
         100           1
 ERU_00042                                    
   0.00000000    
   0.00000000    
   0.00000000    
   1062300.00    
   1062300.00    
   1062300.00    
   0.00000000    
   0.00000000    
   0.00000000    
   0.00000000    
   0.00000000    
   0.00000000    
        5400        5400      2
  -17.3359985       64.4150085      -17.3359985       64.4150085       11725.0000       12725.0000    
         100           1
 ERU_00043                                    
   0.00000000    
   0.00000000    
   0.00000000    
   0.00000000    
   0.00000000    
   0.00000000    
   987110.000    
   987110.000    
   987110.000    
   0.00000000    
   0.00000000    
   0.00000000    
        5400        5400      2
  -17.3359985       64.4150085      -17.3359985       64.4150085       11725.0000       12725.0000    
         100           1
 ERU_00044                                    
   0.00000000    
   0.00000000    
   0.00000000    
   0.00000000    
   0.00000000    
   0.00000000    
   0.00000000    
   0.00000000    
   0.00000000    
   1605900.00    
   1605900.00    
   1605900.00    
        5400        5400      2
  -17.3359985       64.4150085      -17.3359985       64.4150085       12725.0000       13725.0000    
         100           1
 ERU_00045                                    
   967070.000    
   967070.000    
   967070.000    
   0.00000000    
   0.00000000    
   0.00000000    
   0.00000000    
   0.00000000    
   0.00000000    
   0.00000000    
   0.00000000    
   0.00000000    
        5400        5400      2
  -17.3359985       64.4150085      -17.3359985       64.4150085       12725.0000       13725.0000    
         100           1
 ERU_00046                                    
   0.00000000    
   0.00000000    
   0.00000000    
   1062300.00    
   1062300.00    
   1062300.00    
   0.00000000    
   0.00000000    
   0.00000000    
   0.00000000    
   0.00000000    
   0.00000000    
        5400        5400      2
  -17.3359985       64.4150085      -17.3359985       64.4150085       12725.0000       13725.0000    
         100           1
 ERU_00047                                    
   0.00000000    
   0.00000000    
   0.00000000    
   0.00000000    
   0.00000000    
   0.00000000    
   987110.000    
   987110.000    
   987110.000    
   0.00000000    
   0.00000000    
   0.00000000    
        5400        5400      2
  -17.3359985       64.4150085      -17.3359985       64.4150085       12725.0000       13725.0000    
         100           1
 ERU_00048                                    
   0.00000000    
   0.00000000    
   0.00000000    
   0.00000000    
   0.00000000    
   0.00000000    
   0.00000000    
   0.00000000    
   0.00000000    
   1605900.00    
   1605900.00    
   1605900.00    
        5400        5400      2
  -17.3359985       64.4150085      -17.3359985       64.4150085       13725.0000       14725.0000    
         100           1
 ERU_00049                                    
   967070.000    
   967070.000    
   967070.000    
   0.00000000    
   0.00000000    
   0.00000000    
   0.00000000    
   0.00000000    
   0.00000000    
   0.00000000    
   0.00000000    
   0.00000000    
        5400        5400      2
  -17.3359985       64.4150085      -17.3359985       64.4150085       13725.0000       14725.0000    
         100           1
 ERU_00050                                    
   0.00000000    
   0.00000000    
   0.00000000    
   1062300.00    
   1062300.00    
   1062300.00    
   0.00000000    
   0.00000000    
   0.00000000    
   0.00000000    
   0.00000000    
   0.00000000    
        5400        5400      2
  -17.3359985       64.4150085      -17.3359985       64.4150085       13725.0000       14725.0000    
         100           1
 ERU_00051                                    
   0.00000000    
   0.00000000    
   0.00000000    
   0.00000000    
   0.00000000    
   0.00000000    
   987110.000    
   987110.000    
   987110.000    
   0.00000000    
   0.00000000    
   0.00000000    
        5400        5400      2
  -17.3359985       64.4150085      -17.3359985       64.4150085       13725.0000       14725.0000    
         100           1
 ERU_00052                                    
   0.00000000    
   0.00000000    
   0.00000000    
   0.00000000    
   0.00000000    
   0.00000000    
   0.00000000    
   0.00000000    
   0.00000000    
   1605900.00    
   1605900.00    
   1605900.00    
        5400        5400      2
  -17.3359985       64.4150085      -17.3359985       64.4150085       14725.0000       15725.0000    
         100           1
 ERU_00053                                    
   967070.000    
   967070.000    
   967070.000    
   0.00000000    
   0.00000000    
   0.00000000    
   0.00000000    
   0.00000000    
   0.00000000    
   0.00000000    
   0.00000000    
   0.00000000    
        5400        5400      2
  -17.3359985       64.4150085      -17.3359985       64.4150085       14725.0000       15725.0000    
         100           1
 ERU_00054                                    
   0.00000000    
   0.00000000    
   0.00000000    
   1062300.00    
   1062300.00    
   1062300.00    
   0.00000000    
   0.00000000    
   0.00000000    
   0.00000000    
   0.00000000    
   0.00000000    
        5400        5400      2
  -17.3359985       64.4150085      -17.3359985       64.4150085       14725.0000       15725.0000    
         100           1
 ERU_00055                                    
   0.00000000    
   0.00000000    
   0.00000000    
   0.00000000    
   0.00000000    
   0.00000000    
   987110.000    
   987110.000    
   987110.000    
   0.00000000    
   0.00000000    
   0.00000000    
        5400        5400      2
  -17.3359985       64.4150085      -17.3359985       64.4150085       14725.0000       15725.0000    
         100           1
 ERU_00056                                    
   0.00000000    
   0.00000000    
   0.00000000    
   0.00000000    
   0.00000000    
   0.00000000    
   0.00000000    
   0.00000000    
   0.00000000    
   1605900.00    
   1605900.00    
   1605900.00    
        5400        5400      2
  -17.3359985       64.4150085      -17.3359985       64.4150085       15725.0000       16725.0000    
         100           1
 ERU_00057                                    
   967070.000    
   967070.000    
   967070.000    
   0.00000000    
   0.00000000    
   0.00000000    
   0.00000000    
   0.00000000    
   0.00000000    
   0.00000000    
   0.00000000    
   0.00000000    
        5400        5400      2
  -17.3359985       64.4150085      -17.3359985       64.4150085       15725.0000       16725.0000    
         100           1
 ERU_00058                                    
   0.00000000    
   0.00000000    
   0.00000000    
   1062300.00    
   1062300.00    
   1062300.00    
   0.00000000    
   0.00000000    
   0.00000000    
   0.00000000    
   0.00000000    
   0.00000000    
        5400        5400      2
  -17.3359985       64.4150085      -17.3359985       64.4150085       15725.0000       16725.0000    
         100           1
 ERU_00059                                    
   0.00000000    
   0.00000000    
   0.00000000    
   0.00000000    
   0.00000000    
   0.00000000    
   987110.000    
   987110.000    
   987110.000    
   0.00000000    
   0.00000000    
   0.00000000    
        5400        5400      2
  -17.3359985       64.4150085      -17.3359985       64.4150085       15725.0000       16725.0000    
         100           1
 ERU_00060                                    
   0.00000000    
   0.00000000    
   0.00000000    
   0.00000000    
   0.00000000    
   0.00000000    
   0.00000000    
   0.00000000    
   0.00000000    
   1605900.00    
   1605900.00    
   1605900.00    
        5400        5400      2
  -17.3359985       64.4150085      -17.3359985       64.4150085       16725.0000       17725.0000    
         100           1
 ERU_00061                                    
   967070.000    
   967070.000    
   967070.000    
   0.00000000    
   0.00000000    
   0.00000000    
   0.00000000    
   0.00000000    
   0.00000000    
   0.00000000    
   0.00000000    
   0.00000000    
        5400        5400      2
  -17.3359985       64.4150085      -17.3359985       64.4150085       16725.0000       17725.0000    
         100           1
 ERU_00062                                    
   0.00000000    
   0.00000000    
   0.00000000    
   1062300.00    
   1062300.00    
   1062300.00    
   0.00000000    
   0.00000000    
   0.00000000    
   0.00000000    
   0.00000000    
   0.00000000    
        5400        5400      2
  -17.3359985       64.4150085      -17.3359985       64.4150085       16725.0000       17725.0000    
         100           1
 ERU_00063                                    
   0.00000000    
   0.00000000    
   0.00000000    
   0.00000000    
   0.00000000    
   0.00000000    
   987110.000    
   987110.000    
   987110.000    
   0.00000000    
   0.00000000    
   0.00000000    
        5400        5400      2
  -17.3359985       64.4150085      -17.3359985       64.4150085       16725.0000       17725.0000    
         100           1
 ERU_00064                                    
   0.00000000    
   0.00000000    
   0.00000000    
   0.00000000    
   0.00000000    
   0.00000000    
   0.00000000    
   0.00000000    
   0.00000000    
   1605900.00    
   1605900.00    
   1605900.00    
